178,
179,
179,
192,
174,
211,
111,
174,
158,
184,
211,
162,
176,
224,
184,
187,
177,
166,
193,
163,
210,
20,
31,
85,
67,
31,
215,
95,
22,
82,
22,
216,
104,
37,
82,
57,
128,
36,
42,
206,
105,
182,
17,
27,
85,
63,
27,
224,
105,
19,
94,
11,
222,
82,
30,
42,
48,
132,
29,
42,
223,
117,
194,
0,
210,
210,
211,
0,
30,
102,
176,
69,
1,
194,
0,
0,
190,
0,
0,
254,
6,
0,
0,
186,
88,
214,
219,
218,
88,
104,
170,
208,
148,
102,
198,
108,
98,
199,
105,
95,
255,
106,
97,
98,
193,
166,
223,
228,
228,
159,
153,
215,
231,
204,
156,
207,
158,
158,
208,
162,
158,
255,
165,
162,
164,
203,
222,
221,
216,
199,
212,
212,
213,
227,
211,
213,
213,
217,
221,
227,
212,
211,
225,
222,
220,
222,
206,
192,
185,
181,
198,
174,
179,
213,
185,
178,
207,
181,
182,
173,
185,
218,
182,
215,
183,
181,
190,
215,
0,
0,
0,
196,
0,
0,
221,
0,
0,
123,
0,
0,
0,
0,
218,
0,
66,
0,
0,
0,
214,
85,
190,
66,
79,
64,
214,
213,
59,
215,
188,
195,
70,
184,
55,
49,
102,
215,
217,
54,
190,
214,
57,
209,
33,
27,
44,
218,
218,
22,
218,
210,
196,
22,
203,
18,
47,
103,
218,
217,
19,
207,
219,
53,
226,
26,
13,
43,
227,
224,
13,
225,
224,
200,
8,
218,
12,
52,
108,
227,
225,
17,
223,
223,
207,
157,
189,
181,
191,
192,
186,
186,
209,
193,
194,
207,
201,
190,
187,
189,
186,
200,
179,
197,
143,
158,
141,
196,
192,
159,
156,
191,
186,
167,
156,
153,
161,
173,
196,
190,
190,
195,
159,
177,
161,
126,
0,
30,
202,
194,
0,
0,
195,
184,
0,
0,
0,
0,
0,
192,
197,
192,
194,
0,
180,
0,
72,
217,
189,
217,
216,
147,
205,
68,
64,
64,
73,
85,
74,
216,
78,
61,
77,
69,
75,
84,
218,
61,
222,
210,
220,
221,
146,
206,
32,
37,
40,
54,
32,
30,
220,
34,
24,
35,
25,
31,
44,
218,
26,
228,
227,
229,
225,
144,
210,
20,
30,
36,
47,
14,
19,
229,
23,
16,
23,
12,
20,
36,
226,
20,
190,
185,
193,
195,
162,
185,
166,
193,
175,
189,
209,
176,
173,
156,
195,
180,
191,
188,
208,
191,
196,
206,
28,
206,
24,
86,
26,
57,
203,
23,
20,
216,
173,
54,
74,
207,
21,
204,
45,
212,
204,
209,
221,
23,
222,
16,
88,
20,
63,
215,
20,
13,
224,
184,
48,
86,
223,
17,
220,
37,
215,
220,
225,
14,
31,
133,
19,
204,
28,
207,
208,
8,
211,
51,
22,
18,
42,
34,
208,
28,
18,
52,
196,
175,
186,
174,
216,
179,
219,
184,
216,
215,
174,
212,
165,
178,
176,
167,
173,
215,
171,
173,
171,
215,
215,
6,
32,
134,
19,
216,
15,
221,
221,
2,
217,
41,
9,
0,
41,
32,
223,
29,
17,
45,
211,
214,
142,
79,
79,
74,
70,
166,
45,
153,
82,
189,
72,
166,
76,
56,
85,
71,
72,
67,
59,
189,
79,
145,
68,
60,
28,
26,
168,
45,
138,
62,
208,
48,
164,
45,
19,
45,
42,
32,
20,
19,
190,
60,
154,
66,
56,
13,
15,
180,
47,
133,
61,
223,
46,
165,
40,
13,
35,
38,
22,
10,
9,
195,
54,
175,
170,
188,
172,
158,
178,
196,
210,
166,
206,
207,
169,
144,
182,
159,
209,
194,
166,
174,
163,
167,
21,
13,
200,
48,
114,
86,
40,
209,
104,
209,
211,
53,
82,
23,
54,
209,
192,
24,
99,
37,
66,
21,
8,
216,
48,
101,
89,
18,
215,
117,
214,
220,
56,
95,
19,
58,
219,
197,
23,
106,
38,
72,
75,
67,
76,
167,
72,
59,
211,
122,
131,
196,
72,
208,
183,
43,
168,
208,
68,
208,
70,
124,
70,
39,
20,
46,
165,
29,
25,
216,
123,
136,
195,
25,
215,
204,
41,
167,
215,
42,
211,
23,
112,
23,
27,
10,
38,
166,
22,
16,
222,
127,
140,
201,
15,
223,
221,
42,
163,
221,
43,
220,
13,
112,
13,
190,
172,
197,
216,
89,
194,
216,
169,
224,
214,
217,
216,
197,
216,
194,
205,
190,
189,
215,
199,
189,
27,
43,
36,
217,
42,
50,
221,
87,
178,
215,
218,
221,
25,
221,
23,
37,
41,
71,
220,
33,
16,
20,
38,
28,
222,
50,
39,
227,
93,
189,
219,
223,
227,
13,
227,
13,
26,
35,
71,
224,
19,
9,
12,
38,
71,
17,
208,
32,
181,
109,
179,
48,
207,
14,
190,
14,
10,
184,
22,
188,
185,
210,
211,
178,
167,
134,
185,
215,
171,
215,
214,
215,
173,
218,
168,
200,
175,
170,
215,
170,
198,
215,
213,
223,
8,
38,
103,
1,
221,
30,
216,
113,
215,
33,
220,
18,
199,
9,
12,
218,
0,
197,
217,
218,
221,
0,
5,
8,
0,
99,
30,
184,
211,
0,
44,
0,
0,
0,
211,
211,
210,
2,
155,
0,
211,
123,
80,
99,
114,
82,
171,
65,
191,
218,
87,
87,
117,
70,
112,
218,
215,
217,
105,
182,
83,
216,
173,
147,
160,
162,
147,
221,
107,
201,
224,
156,
132,
172,
132,
184,
226,
224,
225,
163,
203,
160,
222,
222,
70,
50,
192,
64,
186,
75,
112,
172,
63,
53,
93,
71,
188,
40,
165,
65,
61,
59,
189,
72,
79,
30,
17,
196,
37,
190,
64,
108,
171,
25,
30,
98,
57,
193,
35,
182,
57,
37,
49,
192,
51,
77,
20,
8,
205,
30,
199,
68,
109,
177,
14,
24,
102,
56,
199,
39,
198,
55,
35,
50,
199,
46,
80,
77,
64,
99,
211,
135,
74,
186,
44,
69,
77,
181,
75,
46,
69,
61,
84,
78,
68,
207,
68,
67,
49,
24,
98,
215,
133,
32,
203,
44,
29,
43,
194,
33,
47,
48,
25,
58,
30,
28,
212,
22,
30,
45,
14,
103,
224,
134,
18,
219,
46,
19,
41,
210,
21,
49,
43,
13,
57,
16,
20,
216,
9,
21,
220,
219,
81,
142,
147,
89,
77,
90,
92,
83,
214,
90,
173,
149,
78,
222,
89,
106,
89,
102,
72,
220,
223,
32,
142,
136,
68,
24,
33,
46,
27,
219,
78,
173,
143,
29,
223,
41,
69,
30,
107,
28,
228,
232,
17,
144,
132,
63,
8,
13,
30,
10,
225,
78,
181,
147,
15,
228,
27,
53,
16,
113,
17,
205,
190,
211,
201,
213,
206,
208,
184,
205,
211,
219,
204,
221,
201,
220,
226,
218,
200,
214,
225,
227,
174,
199,
164,
210,
164,
173,
208,
195,
210,
175,
178,
207,
175,
209,
172,
176,
198,
170,
182,
189,
209,
0,
198,
0,
209,
0,
0,
200,
191,
214,
0,
0,
212,
0,
212,
0,
0,
0,
0,
0,
0,
23,
143,
77,
70,
81,
141,
65,
62,
73,
193,
64,
211,
59,
59,
69,
73,
209,
63,
75,
69,
78,
71,
120,
33,
28,
47,
144,
37,
28,
25,
191,
27,
215,
21,
22,
26,
27,
216,
30,
55,
31,
45,
52,
104,
20,
16,
38,
151,
36,
16,
11,
196,
18,
224,
12,
13,
17,
14,
222,
23,
48,
20,
38,
48,
212,
203,
213,
204,
206,
204,
223,
194,
224,
213,
216,
201,
201,
226,
206,
204,
196,
219,
209,
198,
223,
175,
209,
181,
207,
214,
209,
193,
168,
206,
209,
190,
208,
209,
196,
176,
209,
195,
193,
178,
210,
191,
0,
207,
0,
214,
217,
202,
0,
49,
0,
145,
0,
216,
211,
0,
0,
202,
190,
0,
0,
210,
0,
163,
172,
187,
47,
190,
49,
50,
64,
190,
51,
61,
163,
154,
66,
169,
180,
53,
53,
164,
57,
189,
177,
188,
196,
36,
199,
19,
25,
30,
193,
26,
38,
173,
154,
57,
170,
185,
30,
19,
178,
36,
198,
188,
204,
201,
34,
206,
11,
18,
18,
200,
19,
32,
182,
154,
60,
175,
188,
22,
10,
191,
31,
203,
198,
211,
210,
211,
210,
210,
171,
213,
137,
184,
179,
189,
169,
185,
178,
169,
194,
185,
188,
109,
175,
196,
216,
215,
216,
214,
214,
43,
216,
124,
66,
28,
25,
45,
23,
50,
22,
207,
27,
23,
64,
40,
201,
220,
221,
222,
223,
223,
42,
223,
133,
66,
21,
16,
47,
18,
47,
14,
223,
24,
17,
69,
36,
187,
191,
174,
211,
202,
123,
182,
180,
180,
185,
170,
210,
163,
171,
171,
211,
184,
190,
152,
210,
183,
199,
24,
26,
212,
50,
64,
19,
18,
15,
18,
16,
208,
43,
37,
169,
214,
19,
49,
149,
211,
54,
213,
18,
24,
217,
26,
60,
14,
13,
13,
12,
14,
213,
45,
36,
180,
223,
15,
42,
156,
216,
49,
11,
111,
95,
17,
28,
179,
193,
8,
184,
209,
148,
20,
35,
205,
7,
207,
43,
11,
204,
26,
28,
174,
194,
201,
166,
183,
215,
221,
167,
214,
214,
202,
102,
175,
220,
180,
217,
179,
179,
219,
189,
186,
7,
122,
100,
2,
4,
215,
209,
4,
216,
220,
168,
30,
8,
213,
0,
219,
45,
6,
216,
12,
13,
216,
224,
198,
203,
172,
234,
189,
172,
218,
208,
201,
208,
219,
207,
212,
218,
235,
221,
221,
219,
208,
186,
208,
168,
211,
154,
223,
169,
167,
182,
209,
208,
173,
187,
174,
167,
182,
228,
182,
180,
179,
175,
0,
24,
82,
213,
130,
82,
132,
103,
0,
213,
214,
0,
0,
0,
0,
0,
112,
0,
0,
0,
0,
77,
216,
76,
85,
79,
216,
214,
81,
79,
194,
85,
83,
194,
88,
147,
84,
216,
59,
100,
214,
214,
67,
220,
49,
37,
68,
215,
215,
54,
69,
210,
62,
62,
210,
59,
141,
70,
221,
24,
39,
223,
219,
65,
229,
42,
23,
72,
220,
220,
47,
70,
225,
56,
59,
226,
51,
141,
69,
227,
18,
18,
228,
225,
163,
173,
207,
167,
169,
168,
208,
169,
189,
117,
186,
193,
191,
166,
168,
166,
197,
170,
157,
210,
176,
68,
55,
210,
23,
102,
77,
211,
14,
205,
104,
200,
202,
163,
16,
19,
32,
192,
58,
28,
212,
37,
72,
55,
217,
22,
109,
82,
218,
10,
221,
113,
213,
219,
178,
15,
15,
29,
198,
57,
33,
224,
34,
181,
171,
193,
187,
200,
190,
193,
187,
185,
182,
176,
202,
190,
189,
173,
180,
200,
190,
183,
187,
192,
155,
146,
159,
153,
161,
161,
162,
155,
186,
147,
162,
176,
154,
154,
166,
152,
156,
154,
146,
155,
158,
0,
0,
0,
0,
0,
0,
0,
0,
191,
0,
31,
0,
0,
0,
138,
0,
0,
0,
13,
0,
0,
91,
102,
76,
200,
97,
96,
202,
83,
77,
103,
194,
213,
93,
77,
216,
152,
88,
87,
49,
69,
219,
57,
83,
27,
201,
32,
38,
203,
41,
34,
64,
211,
214,
32,
26,
223,
111,
29,
31,
47,
23,
224,
48,
77,
12,
206,
10,
18,
208,
29,
27,
49,
227,
218,
14,
9,
231,
81,
13,
16,
50,
8,
230,
174,
209,
25,
22,
43,
27,
136,
208,
209,
207,
28,
27,
16,
0,
6,
23,
5,
94,
78,
29,
60,
215,
210,
188,
182,
113,
172,
227,
212,
219,
218,
176,
181,
186,
191,
184,
91,
177,
208,
145,
191,
202,
211,
215,
19,
12,
51,
5,
147,
215,
220,
224,
28,
23,
2,
0,
0,
30,
3,
120,
112,
10,
58,
80,
88,
96,
81,
200,
80,
76,
122,
65,
68,
94,
69,
147,
76,
83,
145,
212,
73,
72,
88,
211,
31,
76,
38,
29,
201,
33,
36,
120,
30,
34,
79,
75,
148,
45,
27,
159,
215,
53,
24,
48,
216,
16,
76,
18,
15,
206,
23,
28,
123,
24,
25,
76,
87,
150,
42,
10,
168,
224,
52,
12,
40,
222,
192,
205,
24,
19,
187,
27,
25,
115,
76,
15,
205,
51,
84,
38,
139,
0,
35,
207,
191,
21,
47,
201,
212,
177,
175,
199,
181,
193,
163,
182,
174,
213,
161,
202,
177,
139,
172,
177,
214,
197,
180,
184,
200,
218,
9,
4,
195,
9,
9,
137,
71,
11,
215,
48,
88,
0,
113,
0,
15,
222,
197,
17,
45,
183,
200,
213,
185,
179,
200,
203,
197,
193,
252,
191,
197,
199,
203,
199,
223,
177,
194,
187,
188,
192,
183,
164,
193,
184,
167,
165,
175,
163,
161,
255,
196,
161,
162,
172,
158,
173,
150,
199,
192,
154,
156,
181,
0,
32,
180,
95,
0,
0,
0,
0,
244,
202,
0,
0,
0,
0,
0,
0,
195,
196,
0,
0,
3,
210,
5,
0,
212,
248,
18,
193,
183,
94,
46,
0,
0,
0,
180,
207,
211,
0,
214,
0,
52,
102,
217,
109,
111,
217,
255,
111,
197,
210,
143,
117,
102,
105,
104,
211,
219,
218,
112,
218,
88,
121,
159,
227,
162,
168,
223,
255,
168,
206,
229,
176,
159,
162,
172,
157,
231,
231,
226,
188,
227,
150,
162,
193,
167,
185,
181,
207,
179,
191,
175,
212,
183,
187,
196,
194,
167,
191,
197,
167,
208,
178,
186,
209,
25,
118,
22,
34,
206,
42,
23,
40,
216,
25,
24,
209,
37,
153,
30,
195,
123,
215,
21,
29,
166,
14,
124,
17,
27,
212,
32,
14,
37,
225,
16,
17,
225,
28,
153,
20,
200,
122,
223,
14,
22,
175,
210,
193,
213,
190,
186,
188,
211,
185,
187,
204,
190,
208,
201,
207,
207,
187,
204,
182,
212,
202,
179,
162,
198,
167,
192,
191,
193,
175,
195,
195,
185,
183,
164,
161,
156,
161,
153,
161,
181,
185,
162,
178,
0,
202,
0,
191,
197,
197,
0,
196,
197,
67,
164,
0,
0,
0,
0,
0,
0,
179,
32,
0,
176,
78,
89,
100,
85,
88,
80,
107,
74,
204,
80,
64,
207,
88,
85,
73,
149,
207,
187,
200,
87,
84,
36,
33,
77,
52,
38,
31,
91,
34,
205,
36,
22,
210,
35,
64,
25,
150,
208,
199,
199,
36,
70,
24,
16,
71,
45,
37,
17,
92,
22,
209,
25,
10,
215,
19,
59,
13,
154,
213,
211,
205,
19,
70,
0,
15,
0,
21,
0,
0,
0,
8,
199,
0,
182,
0,
198,
197,
163,
0,
0,
29,
86,
0,
106,
93,
79,
89,
70,
78,
83,
84,
88,
202,
85,
185,
86,
202,
201,
187,
82,
82,
102,
118,
82,
133,
162,
140,
154,
111,
155,
157,
161,
149,
209,
157,
192,
160,
211,
210,
213,
146,
149,
157,
143,
155,
162,
123,
0,
185,
0,
0,
211,
211,
0,
168,
212,
72,
180,
192,
211,
17,
0,
211,
211,
1,
0,
65,
150,
102,
194,
106,
101,
218,
214,
98,
202,
216,
139,
202,
200,
216,
125,
83,
215,
218,
97,
105,
133,
180,
163,
203,
164,
169,
228,
223,
166,
229,
225,
194,
223,
211,
222,
171,
151,
224,
226,
157,
161,
172,
91,
188,
198,
190,
195,
90,
180,
182,
165,
166,
193,
187,
201,
192,
177,
162,
167,
211,
185,
184,
187,
33,
25,
144,
146,
202,
35,
27,
27,
46,
51,
26,
18,
85,
51,
34,
52,
43,
216,
47,
21,
16,
45,
18,
142,
171,
218,
41,
21,
23,
48,
54,
17,
13,
104,
42,
26,
53,
41,
222,
45,
14,
9,
80,
86,
141,
190,
94,
156,
79,
88,
180,
86,
84,
77,
134,
86,
105,
127,
99,
83,
71,
85,
81,
25,
33,
146,
209,
67,
156,
31,
32,
196,
63,
28,
31,
130,
33,
90,
121,
48,
28,
37,
56,
30,
5,
15,
152,
224,
60,
168,
19,
17,
209,
57,
11,
18,
131,
19,
87,
121,
29,
8,
27,
50,
13,
87,
96,
193,
64,
213,
144,
213,
205,
143,
82,
79,
141,
73,
192,
80,
68,
202,
71,
81,
101,
216,
77,
95,
211,
61,
220,
153,
220,
206,
150,
33,
39,
139,
54,
211,
53,
26,
203,
22,
29,
64,
220,
78,
101,
225,
68,
226,
158,
228,
210,
168,
19,
31,
142,
50,
228,
46,
14,
208,
8,
15,
58,
229,
166,
193,
211,
187,
189,
188,
162,
166,
183,
185,
199,
198,
168,
168,
199,
201,
191,
212,
182,
198,
212,
88,
196,
216,
43,
97,
187,
57,
50,
181,
42,
197,
204,
43,
66,
39,
195,
193,
217,
35,
195,
213,
86,
213,
222,
35,
98,
201,
62,
50,
192,
38,
200,
220,
39,
64,
27,
199,
206,
223,
27,
202,
218,
58,
101,
53,
123,
132,
61,
167,
77,
60,
171,
64,
65,
52,
191,
190,
65,
164,
170,
109,
58,
76,
27,
96,
22,
121,
133,
24,
179,
67,
31,
187,
24,
51,
18,
194,
197,
54,
178,
186,
107,
21,
51,
22,
93,
17,
124,
138,
18,
193,
68,
23,
203,
14,
51,
9,
203,
203,
52,
191,
202,
108,
13,
47,
208,
208,
176,
170,
210,
190,
153,
166,
212,
211,
172,
178,
192,
190,
156,
161,
176,
162,
209,
169,
206,
212,
213,
22,
27,
213,
201,
121,
34,
211,
211,
33,
118,
205,
202,
105,
45,
23,
19,
214,
27,
213,
221,
217,
20,
23,
222,
219,
132,
32,
217,
219,
36,
130,
221,
218,
86,
48,
17,
15,
220,
25,
221,
191,
213,
207,
0,
0,
0,
0,
0,
0,
0,
25,
0,
0,
211,
120,
203,
0,
0,
212,
144,
191,
215,
217,
214,
83,
78,
90,
86,
120,
95,
84,
150,
90,
99,
218,
149,
222,
101,
95,
216,
203,
200,
239,
226,
220,
153,
152,
151,
164,
192,
161,
148,
216,
159,
165,
226,
181,
239,
155,
158,
225,
233,
209,
110,
0,
168,
32,
204,
111,
0,
205,
0,
0,
0,
203,
0,
16,
0,
0,
0,
126,
172,
0,
167,
136,
110,
195,
67,
214,
144,
111,
214,
92,
97,
114,
210,
114,
115,
141,
130,
114,
152,
204,
110,
217,
161,
179,
222,
109,
223,
175,
176,
223,
158,
170,
174,
218,
173,
172,
210,
208,
180,
179,
227,
179,
242,
101,
154,
211,
80,
79,
72,
213,
72,
82,
211,
79,
210,
120,
70,
98,
64,
118,
178,
67,
210,
97,
57,
151,
214,
59,
50,
33,
218,
47,
31,
214,
51,
215,
114,
27,
41,
27,
119,
197,
43,
213,
42,
44,
146,
219,
58,
42,
26,
224,
42,
14,
219,
48,
219,
114,
18,
21,
21,
121,
212,
39,
218,
22,
164,
191,
153,
152,
155,
171,
198,
191,
131,
188,
174,
146,
145,
191,
178,
188,
179,
154,
133,
173,
170,
149,
195,
23,
17,
17,
184,
197,
195,
54,
193,
172,
13,
9,
195,
172,
195,
47,
19,
38,
177,
170,
152,
204,
23,
13,
14,
200,
203,
204,
64,
199,
177,
14,
9,
206,
176,
203,
22,
16,
42,
189,
182,
197,
142,
206,
142,
213,
217,
222,
230,
212,
199,
211,
225,
207,
214,
214,
220,
209,
219,
204,
213,
225,
178,
120,
169,
122,
180,
180,
186,
211,
211,
168,
180,
204,
183,
178,
182,
188,
175,
183,
175,
204,
184,
58,
19,
0,
9,
0,
0,
0,
0,
209,
51,
0,
0,
0,
0,
0,
0,
0,
0,
0,
187,
0,
39,
208,
182,
15,
206,
175,
37,
189,
38,
21,
15,
63,
208,
205,
29,
42,
207,
68,
32,
184,
177,
98,
217,
216,
169,
213,
214,
192,
201,
165,
182,
178,
159,
217,
220,
170,
180,
216,
157,
173,
215,
212,
44,
222,
217,
0,
219,
211,
26,
199,
36,
18,
0,
59,
222,
215,
29,
0,
223,
67,
32,
217,
208,
179,
172,
170,
180,
178,
204,
203,
201,
184,
94,
191,
210,
213,
206,
192,
172,
216,
214,
194,
111,
217,
59,
102,
61,
46,
20,
36,
31,
28,
43,
43,
194,
40,
216,
28,
192,
86,
217,
215,
40,
77,
220,
60,
102,
64,
45,
11,
27,
21,
21,
36,
50,
211,
23,
223,
16,
202,
89,
222,
219,
30,
94,
225,
194,
184,
183,
178,
163,
192,
187,
208,
145,
176,
207,
209,
158,
211,
157,
112,
195,
195,
164,
179,
187,
27,
196,
21,
19,
120,
31,
29,
209,
138,
23,
210,
212,
152,
214,
64,
99,
190,
207,
21,
28,
22,
19,
210,
16,
13,
113,
23,
18,
213,
145,
17,
217,
219,
162,
221,
75,
109,
194,
223,
17,
35,
16,
152,
73,
155,
191,
208,
67,
64,
162,
210,
78,
141,
64,
72,
208,
64,
73,
143,
182,
212,
72,
82,
123,
58,
158,
192,
215,
27,
17,
176,
213,
64,
140,
29,
34,
212,
30,
58,
137,
181,
217,
45,
42,
107,
53,
163,
197,
221,
17,
9,
187,
220,
61,
145,
25,
23,
221,
21,
55,
139,
179,
223,
38,
32,
64,
208,
75,
62,
60,
86,
81,
70,
69,
86,
210,
207,
209,
208,
78,
81,
73,
75,
81,
71,
64,
38,
215,
23,
25,
31,
47,
48,
26,
26,
43,
215,
211,
214,
212,
38,
66,
25,
28,
41,
50,
24,
37,
225,
9,
19,
25,
42,
39,
17,
19,
34,
221,
222,
220,
221,
28,
71,
11,
12,
31,
47,
16,
255,
216,
203,
173,
197,
183,
190,
185,
178,
213,
182,
216,
191,
190,
145,
218,
254,
216,
204,
163,
219,
188,
219,
29,
119,
35,
24,
180,
23,
56,
221,
28,
218,
40,
40,
134,
219,
254,
220,
31,
57,
218,
60,
228,
20,
132,
24,
18,
179,
18,
55,
224,
16,
230,
31,
25,
140,
224,
252,
231,
15,
59,
224,
187,
159,
207,
177,
210,
178,
174,
181,
171,
195,
197,
170,
213,
186,
187,
160,
193,
208,
183,
210,
207,
80,
64,
211,
20,
213,
41,
41,
14,
46,
24,
195,
47,
213,
23,
40,
98,
26,
213,
32,
213,
210,
74,
68,
220,
13,
220,
31,
36,
6,
44,
14,
198,
49,
221,
14,
32,
101,
17,
217,
25,
220,
217,
207,
209,
204,
207,
200,
186,
219,
222,
198,
195,
196,
189,
187,
195,
188,
180,
192,
187,
181,
207,
180,
152,
158,
167,
156,
159,
196,
165,
180,
159,
158,
159,
193,
153,
162,
193,
179,
201,
194,
189,
180,
192,
0,
0,
0,
0,
0,
198,
0,
0,
0,
0,
0,
202,
0,
0,
199,
177,
200,
200,
176,
0,
192,
209,
197,
197,
204,
205,
190,
216,
205,
226,
195,
206,
188,
204,
207,
207,
213,
214,
208,
219,
198,
223,
209,
170,
196,
204,
173,
199,
169,
209,
176,
204,
209,
197,
207,
206,
208,
186,
177,
210,
176,
208,
171,
185,
0,
191,
204,
0,
198,
0,
212,
0,
201,
214,
194,
212,
211,
210,
0,
0,
207,
0,
207,
0,
212,
197,
211,
223,
217,
206,
214,
204,
220,
221,
133,
220,
221,
203,
208,
215,
198,
165,
208,
214,
202,
175,
209,
212,
177,
180,
211,
170,
172,
184,
185,
117,
179,
185,
206,
162,
179,
172,
163,
159,
177,
209,
0,
209,
216,
0,
0,
215,
0,
0,
0,
0,
21,
0,
0,
213,
0,
0,
0,
115,
0,
0,
201,
196,
183,
188,
183,
181,
158,
127,
197,
217,
193,
184,
192,
171,
180,
212,
213,
180,
211,
213,
189,
194,
199,
48,
29,
25,
23,
70,
116,
192,
216,
197,
182,
205,
35,
83,
215,
213,
17,
212,
216,
184,
203,
214,
42,
25,
22,
20,
82,
124,
198,
221,
208,
195,
222,
35,
103,
222,
223,
12,
216,
225,
188,
218,
72,
24,
110,
33,
30,
101,
146,
211,
206,
55,
36,
22,
30,
28,
90,
183,
188,
207,
45,
36,
37,
164,
168,
207,
174,
177,
176,
173,
216,
210,
166,
167,
176,
184,
175,
198,
187,
216,
214,
166,
178,
176,
97,
0,
114,
10,
24,
120,
156,
222,
219,
64,
35,
2,
12,
7,
96,
186,
219,
220,
25,
16,
35,
193,
93,
75,
151,
86,
214,
213,
71,
89,
215,
80,
84,
91,
72,
79,
81,
76,
91,
150,
85,
84,
193,
32,
32,
161,
34,
219,
218,
21,
43,
220,
32,
28,
34,
25,
30,
29,
48,
55,
149,
30,
35,
193,
14,
16,
171,
20,
225,
222,
10,
30,
224,
18,
11,
15,
9,
16,
15,
44,
41,
154,
10,
20,
71,
215,
217,
87,
88,
182,
217,
215,
111,
95,
77,
84,
197,
194,
137,
211,
76,
63,
203,
91,
77,
25,
218,
222,
58,
45,
186,
222,
220,
115,
76,
46,
73,
198,
212,
102,
218,
47,
25,
206,
72,
29,
10,
223,
225,
52,
39,
195,
226,
224,
124,
72,
41,
71,
202,
226,
82,
226,
39,
14,
215,
68,
19,
191,
239,
206,
212,
206,
202,
211,
199,
206,
190,
207,
211,
189,
198,
193,
186,
179,
196,
194,
188,
191,
196,
173,
155,
163,
160,
155,
174,
160,
175,
154,
156,
189,
196,
157,
160,
195,
178,
159,
159,
193,
152,
199,
0,
0,
0,
0,
0,
0,
0,
0,
0,
0,
25,
204,
0,
0,
194,
176,
0,
0,
196,
0,
77,
111,
117,
173,
205,
39,
19,
0,
0,
0,
206,
104,
68,
0,
0,
205,
79,
32,
184,
0,
0,
147,
141,
145,
205,
214,
117,
120,
96,
105,
104,
216,
142,
171,
126,
103,
209,
144,
103,
193,
95,
77,
199,
167,
169,
226,
221,
166,
164,
165,
178,
167,
225,
165,
237,
203,
167,
218,
198,
145,
202,
172,
154,
206,
0,
0,
78,
3,
35,
0,
204,
32,
0,
169,
88,
0,
0,
102,
0,
209,
0,
0,
0,
3,
213,
87,
87,
147,
108,
126,
95,
211,
63,
96,
193,
120,
96,
123,
148,
110,
213,
116,
100,
94,
99,
223,
155,
151,
188,
165,
170,
146,
219,
107,
173,
217,
145,
165,
198,
184,
168,
222,
182,
157,
174,
150,
77,
136,
87,
104,
150,
91,
73,
203,
80,
102,
84,
203,
170,
86,
175,
85,
184,
80,
49,
67,
77,
50,
107,
36,
44,
151,
42,
39,
206,
31,
41,
56,
202,
169,
33,
191,
29,
184,
28,
47,
23,
24,
43,
93,
19,
20,
153,
28,
27,
211,
17,
12,
52,
207,
165,
17,
204,
12,
186,
14,
50,
10,
8,
43,
132,
192,
205,
103,
17,
137,
35,
17,
191,
30,
193,
19,
20,
24,
109,
44,
192,
5,
208,
181,
190,
131,
215,
216,
200,
176,
173,
180,
171,
201,
180,
213,
177,
184,
171,
158,
194,
201,
173,
213,
210,
37,
77,
207,
218,
107,
13,
163,
13,
15,
200,
29,
212,
0,
12,
2,
102,
43,
200,
0,
217,
214,
215,
67,
76,
79,
124,
98,
90,
70,
203,
220,
102,
216,
78,
71,
74,
81,
214,
79,
70,
72,
82,
219,
32,
25,
30,
120,
66,
37,
30,
204,
223,
98,
216,
57,
29,
34,
30,
218,
59,
23,
39,
35,
228,
26,
8,
16,
117,
53,
21,
18,
206,
230,
99,
226,
54,
17,
24,
13,
229,
58,
13,
30,
19,
182,
200,
196,
179,
200,
191,
175,
111,
197,
178,
181,
191,
185,
187,
179,
186,
186,
199,
198,
204,
183,
179,
173,
151,
149,
171,
157,
146,
86,
152,
188,
185,
155,
155,
155,
183,
154,
154,
165,
164,
180,
155,
164,
0,
0,
0,
0,
0,
0,
0,
0,
187,
188,
0,
0,
0,
169,
0,
0,
0,
0,
0,
0,
91,
72,
201,
187,
64,
66,
77,
80,
94,
144,
79,
199,
88,
78,
105,
156,
212,
86,
83,
59,
74,
35,
28,
202,
206,
26,
54,
43,
56,
33,
142,
30,
200,
77,
58,
49,
172,
217,
44,
53,
21,
30,
20,
15,
206,
221,
17,
54,
34,
56,
12,
145,
16,
204,
73,
57,
32,
188,
223,
32,
51,
10,
17,
213,
210,
223,
205,
227,
222,
196,
229,
200,
221,
226,
227,
213,
141,
220,
217,
226,
212,
226,
221,
216,
181,
211,
189,
203,
186,
176,
191,
190,
206,
185,
187,
188,
180,
115,
186,
182,
184,
174,
176,
187,
181,
0,
216,
0,
204,
0,
0,
127,
0,
202,
0,
0,
0,
0,
5,
0,
0,
0,
63,
0,
0,
0,
61,
75,
71,
50,
54,
110,
59,
188,
169,
189,
57,
187,
44,
63,
54,
94,
47,
189,
175,
50,
42,
49,
65,
72,
25,
25,
108,
22,
197,
191,
194,
27,
194,
23,
27,
25,
94,
20,
198,
176,
21,
19,
49,
63,
76,
20,
19,
109,
13,
204,
205,
198,
17,
200,
18,
15,
17,
94,
13,
205,
181,
15,
13,
186,
201,
205,
198,
189,
196,
185,
190,
198,
201,
191,
126,
196,
168,
116,
182,
198,
187,
200,
177,
187,
154,
170,
168,
162,
192,
160,
157,
161,
198,
162,
195,
117,
161,
149,
105,
154,
162,
190,
161,
145,
191,
0,
0,
0,
0,
197,
0,
0,
0,
170,
0,
204,
42,
0,
20,
16,
0,
0,
197,
0,
24,
194,
198,
188,
179,
173,
198,
199,
202,
200,
192,
189,
196,
181,
192,
185,
159,
201,
201,
185,
191,
187,
188,
156,
193,
148,
170,
162,
167,
169,
160,
194,
196,
197,
152,
196,
158,
125,
163,
162,
185,
160,
157,
174,
0,
197,
0,
165,
0,
0,
0,
0,
193,
204,
201,
0,
197,
0,
54,
0,
0,
183,
0,
0,
101,
29,
248,
201,
0,
171,
0,
0,
3,
0,
3,
0,
193,
0,
178,
152,
0,
4,
193,
168,
198,
7,
118,
246,
205,
100,
192,
76,
85,
88,
89,
88,
76,
200,
72,
182,
170,
89,
80,
200,
191,
198,
85,
162,
247,
216,
159,
213,
153,
155,
145,
153,
152,
140,
210,
136,
191,
190,
151,
140,
210,
209,
208,
151,
178,
208,
176,
167,
195,
212,
182,
197,
163,
182,
205,
207,
191,
176,
179,
196,
168,
204,
164,
194,
118,
101,
211,
37,
64,
202,
211,
24,
132,
15,
21,
203,
214,
204,
88,
17,
191,
45,
163,
40,
206,
101,
117,
220,
30,
68,
218,
217,
15,
138,
11,
13,
208,
220,
221,
87,
15,
197,
50,
159,
40,
222,
111,
180,
182,
200,
184,
189,
199,
200,
210,
193,
175,
184,
187,
177,
185,
184,
202,
166,
199,
177,
188,
200,
151,
189,
164,
150,
157,
159,
156,
161,
159,
185,
187,
188,
145,
155,
184,
176,
150,
171,
164,
143,
152,
0,
182,
0,
17,
0,
0,
0,
0,
0,
186,
176,
192,
0,
0,
184,
0,
91,
0,
50,
0,
0,
179,
113,
5,
0,
12,
197,
0,
196,
4,
0,
197,
5,
0,
0,
0,
143,
0,
0,
0,
0,
172,
182,
135,
83,
62,
107,
201,
76,
207,
97,
76,
204,
80,
83,
80,
86,
159,
68,
95,
70,
90,
194,
189,
156,
145,
129,
163,
212,
150,
213,
164,
137,
212,
137,
148,
147,
159,
174,
140,
160,
134,
158,
217,
68,
187,
76,
71,
52,
209,
66,
191,
70,
70,
69,
108,
55,
115,
216,
68,
70,
81,
204,
87,
68,
52,
205,
40,
27,
50,
212,
45,
205,
32,
40,
33,
106,
56,
109,
217,
30,
43,
63,
211,
41,
31,
52,
219,
28,
16,
53,
219,
40,
214,
23,
32,
17,
109,
61,
109,
221,
21,
36,
61,
219,
28,
23,
206,
207,
28,
25,
19,
187,
171,
17,
13,
35,
34,
120,
47,
52,
22,
33,
43,
57,
175,
40,
29,
214,
214,
173,
176,
181,
197,
177,
171,
174,
178,
174,
200,
170,
164,
173,
171,
167,
165,
206,
170,
178,
217,
222,
6,
3,
7,
196,
167,
15,
6,
36,
13,
141,
43,
54,
0,
34,
43,
43,
209,
38,
1,
0,
208,
210,
179,
213,
0,
0,
143,
213,
0,
189,
0,
213,
0,
25,
0,
0,
180,
56,
211,
0,
97,
215,
219,
210,
221,
110,
112,
199,
216,
104,
197,
91,
217,
113,
116,
85,
80,
189,
118,
218,
92,
166,
221,
228,
231,
232,
182,
184,
226,
223,
161,
208,
156,
228,
169,
171,
157,
161,
204,
157,
228,
158,
222,
221,
240,
210,
226,
204,
209,
208,
208,
168,
221,
216,
222,
202,
199,
210,
190,
198,
201,
210,
225,
181,
175,
231,
177,
208,
209,
167,
209,
209,
159,
178,
190,
176,
170,
205,
207,
196,
194,
207,
177,
180,
0,
0,
114,
0,
0,
215,
0,
213,
211,
116,
0,
0,
0,
93,
193,
162,
192,
191,
195,
0,
0,
182,
207,
183,
14,
18,
18,
210,
21,
63,
208,
209,
12,
208,
180,
209,
37,
183,
2,
32,
185,
179,
213,
215,
217,
185,
171,
180,
215,
184,
170,
216,
218,
186,
213,
202,
214,
173,
218,
186,
184,
216,
191,
218,
218,
218,
0,
1,
0,
219,
7,
40,
219,
223,
11,
219,
189,
218,
37,
196,
0,
5,
219,
179,
88,
99,
65,
89,
71,
62,
197,
69,
255,
63,
92,
216,
73,
95,
71,
68,
71,
91,
99,
75,
212,
45,
51,
35,
68,
72,
24,
197,
44,
253,
24,
55,
220,
26,
42,
43,
28,
21,
61,
52,
21,
215,
38,
37,
25,
65,
76,
13,
199,
39,
254,
17,
46,
229,
16,
24,
39,
18,
10,
53,
42,
11,
220,
187,
195,
184,
196,
187,
202,
205,
178,
206,
200,
182,
202,
181,
186,
187,
191,
204,
203,
203,
185,
199,
196,
155,
177,
161,
192,
164,
166,
151,
163,
167,
155,
163,
180,
192,
196,
157,
161,
172,
165,
155,
160,
195,
0,
167,
0,
198,
0,
0,
0,
0,
0,
0,
0,
178,
190,
193,
0,
0,
0,
0,
0,
0,
194,
198,
221,
218,
217,
208,
197,
220,
224,
208,
224,
218,
211,
212,
227,
139,
185,
210,
190,
211,
206,
195,
185,
185,
183,
183,
204,
206,
184,
194,
212,
181,
175,
180,
213,
185,
121,
190,
213,
194,
212,
202,
161,
153,
0,
0,
0,
195,
201,
0,
0,
221,
0,
0,
0,
218,
0,
0,
183,
220,
177,
216,
201,
210,
192,
149,
165,
209,
161,
164,
171,
208,
175,
171,
194,
176,
162,
210,
176,
160,
209,
209,
166,
159,
210,
201,
144,
60,
212,
52,
30,
19,
208,
34,
60,
39,
22,
110,
209,
17,
20,
210,
209,
14,
126,
218,
218,
151,
57,
221,
55,
29,
14,
216,
25,
67,
19,
12,
122,
215,
14,
21,
215,
217,
11,
117,
218,
206,
221,
206,
223,
199,
206,
182,
195,
204,
202,
206,
188,
186,
199,
205,
225,
175,
207,
211,
203,
188,
198,
175,
211,
204,
210,
178,
188,
166,
209,
211,
176,
175,
170,
197,
171,
201,
157,
176,
180,
206,
0,
179,
0,
215,
0,
206,
0,
184,
36,
213,
206,
0,
159,
137,
184,
0,
0,
133,
0,
0,
211,
71,
212,
91,
78,
73,
70,
71,
56,
140,
132,
85,
68,
63,
197,
218,
189,
89,
87,
193,
66,
71,
42,
217,
61,
72,
30,
26,
24,
20,
65,
135,
74,
25,
63,
196,
221,
208,
51,
44,
188,
31,
50,
34,
223,
53,
76,
21,
17,
14,
8,
25,
140,
72,
16,
65,
201,
228,
223,
40,
28,
192,
25,
47,
177,
27,
31,
207,
1,
30,
0,
208,
209,
26,
102,
183,
209,
116,
207,
22,
4,
28,
159,
7,
17,
216,
186,
177,
215,
180,
186,
192,
215,
216,
101,
184,
214,
218,
180,
213,
175,
174,
184,
176,
172,
185,
213,
23,
34,
218,
0,
14,
0,
223,
222,
36,
122,
217,
223,
5,
213,
7,
5,
0,
158,
0,
12,
58,
56,
54,
67,
186,
189,
172,
188,
74,
63,
171,
53,
170,
168,
66,
189,
136,
100,
74,
50,
95,
33,
23,
30,
23,
190,
196,
173,
191,
34,
54,
187,
20,
186,
184,
32,
191,
136,
88,
63,
23,
90,
26,
16,
26,
12,
199,
204,
177,
196,
24,
57,
203,
13,
201,
200,
23,
204,
138,
92,
67,
16,
96,
107,
61,
121,
136,
73,
67,
89,
65,
63,
72,
211,
83,
166,
68,
208,
56,
84,
71,
200,
121,
55,
92,
31,
131,
144,
30,
30,
85,
27,
22,
20,
220,
45,
164,
28,
215,
21,
42,
44,
118,
131,
20,
97,
23,
141,
155,
21,
22,
82,
18,
16,
7,
227,
36,
165,
18,
221,
15,
26,
37,
44,
141,
16,
139,
172,
192,
61,
36,
61,
52,
44,
64,
169,
57,
187,
121,
63,
189,
191,
47,
187,
66,
43,
45,
149,
173,
196,
49,
34,
46,
18,
24,
49,
188,
46,
191,
129,
44,
194,
198,
16,
194,
38,
42,
16,
159,
177,
207,
51,
37,
43,
9,
23,
46,
205,
50,
202,
140,
40,
200,
208,
11,
202,
34,
47,
10,
232,
220,
216,
213,
212,
224,
220,
155,
213,
217,
211,
212,
217,
224,
213,
197,
211,
214,
228,
222,
215,
219,
188,
215,
181,
211,
179,
184,
141,
204,
180,
211,
217,
180,
198,
184,
197,
180,
179,
192,
190,
185,
19,
0,
220,
0,
217,
0,
0,
80,
189,
0,
211,
223,
0,
0,
0,
173,
0,
0,
0,
0,
0,
160,
208,
81,
177,
190,
161,
169,
192,
169,
210,
210,
170,
183,
188,
172,
170,
162,
173,
176,
174,
206,
47,
211,
32,
32,
36,
52,
44,
194,
14,
213,
211,
18,
59,
15,
34,
38,
19,
35,
18,
30,
210,
53,
216,
38,
27,
26,
55,
40,
207,
12,
222,
216,
13,
59,
9,
34,
36,
15,
33,
15,
29,
219,
185,
190,
185,
178,
213,
199,
189,
113,
201,
189,
202,
200,
188,
207,
199,
193,
192,
192,
167,
179,
177,
186,
145,
155,
185,
202,
163,
163,
90,
160,
148,
159,
155,
156,
182,
160,
160,
153,
158,
172,
182,
176,
190,
0,
0,
191,
120,
0,
0,
10,
0,
0,
0,
0,
0,
19,
0,
0,
0,
0,
168,
171,
174,
188,
146,
78,
73,
86,
214,
64,
217,
62,
55,
129,
86,
145,
76,
83,
65,
212,
84,
189,
66,
199,
210,
150,
40,
39,
52,
217,
45,
217,
22,
26,
120,
43,
131,
28,
49,
49,
215,
73,
208,
26,
198,
224,
159,
31,
30,
43,
224,
47,
225,
14,
20,
121,
36,
128,
16,
40,
49,
220,
77,
222,
16,
204,
167,
73,
82,
0,
0,
0,
0,
194,
161,
0,
170,
0,
65,
3,
165,
0,
193,
16,
27,
0,
0,
197,
162,
143,
104,
97,
113,
98,
207,
191,
98,
196,
108,
96,
134,
195,
97,
204,
53,
68,
118,
103,
225,
206,
188,
161,
177,
179,
166,
215,
217,
170,
221,
174,
143,
190,
219,
165,
210,
106,
122,
182,
165